0031545
0044610
0070401
0042131
0042132
0042134
0000026
0019001
0019003
0019002
0090541
0000121
0061690
0019964
0103095
0030504
0034538
0050431
0034530
0070878
0036220
0034534
0034785
0016708
0036002
0008783
0036004
0003999
0008173
0008172
0008171
0008170
0008177
0008176
0008175
0008174
0008179
0043237
0031369
0035598
0005477
0016627
0005471
0097200
0035591
0004473
0004470
0043874
0004476
0004477
0004474
0004475
0005277
0036317
0005275
0004909
0036312
0005272
0036310
0004674
0004675
0004676
0004677
0004906
0004671
0004672
0004673
0004494
0001105
0015379
0004497
0004490
0004491
0004492
0030414
0015377
0016846
0015375
0045130
0045131
0031826
0045134
0043803
0031741
0050291
0050290
0050294
0042356
1990782
0003729
0003727
0003726
0003725
0000989
0003723
0046624
0003721
0003720
0004018
0004019
0004874
0004875
0004872
0035662
0004871
0015578
0004012
0004013
0052677
0098619
0004016
0004879
0015207
0050124
0015205
0015204
0050121
0015421
0051434
0004729
0050129
0070290
0016849
0042015
0070053
0070052
0070051
0048185
0046935
0046934
0046933
0042903
0004704
0004705
0004706
0004707
0022829
0015292
0004702
0004703
0022824
0034832
0004708
0004709
0043780
0008821
0008823
0008479
0052858
0052857
0052856
0052855
0070524
0052853
0052852
0052851
0030372
0047750
0050632
0016174
0016175
0016176
1904013
0051721
0051722
0004376
0051724
0043426
0031870
0047391
0047992
0004838
0008955
0052871
0008951
0008607
0017108
1901612
1901611
0042834
0042835
0002153
0008569
0001760
0043273
0043274
0036222
0003948
0003943
0016992
0003941
0003940
0003947
0003945
0003944
0048763
0016779
0070273
0030742
0031698
0031699
0031696
0031697
0031694
0031695
0031692
0030617
0031690
0030748
0001618
0019788
0001968
0001614
0019784
0019785
0019782
0019780
0019781
0016790
0016791
0030170
0098621
0016798
0016799
0030171
0030249
0005308
0070513
0030246
0030247
0019778
2001069
0001588
2001065
0050656
0019870
0019871
0016312
0016314
0050221
0016316
0004743
0042056
0008482
0042054
0008480
0008486
0008484
0000701
0097027
0000703
0097020
0030337
0030332
0031208
0001147
0030331
0042586
0018657
0018656
0018655
0018654
0018653
0018652
0018651
0018650
0018467
0016404
0016405
0016406
0016407
0001540
0043185
0043184
0017137
0030229
0001093
0017134
0004833
0000146
0008321
0000149
0019863
0000386
0005289
0030977
0008398
0008397
0005283
0005280
0051880
0004830
0005518
0005519
0008555
0005049
0038052
0005044
0046332
0005046
0034432
0005516
0005041
0005042
0017046
0017045
0017042
0017040
0047323
0047322
0086007
0003755
0043120
0047326
0017049
0017048
0004573
0004449
0015152
0046943
0070915
0097604
0004479
0097603
0097602
0000036
0090555
0090556
0000035
0000033
0000030
0070736
0015019
0004575
0008514
0043878
0047035
0005003
1990174
0008511
0004579
0008510
0004578
0005006
0004692
0033040
0035594
0008160
1904265
0032567
0005009
0008168
0008273
0005462
0015141
0015142
0015143
0003963
0005464
1902118
0031151
0003962
0061697
0004908
0004649
0004648
1903763
0051864
0005260
0005261
0034617
0001665
0004641
0034618
0004643
0004642
0004645
0004644
0004647
0036313
0015368
0050750
0030407
0015361
0015362
0015367
1990405
0018724
0050347
0052798
0004900
0036105
0035472
0004024
0031812
0004021
0004020
0004022
0033192
0035478
0008017
0003730
0004028
0008013
0004803
0004802
0004801
0009384
0009383
0004806
0050353
0043014
0004905
0015562
0052665
0050354
0004129
0047693
0015216
0015217
0015211
0004495
0015218
0070287
0015378
0004534
0033229
0070042
0046922
0046923
0046920
0032051
0032050
0033204
0032052
0042931
0004493
0017113
0070492
0004731
0004730
0004733
0052717
0004735
0051538
0004736
0004739
0004738
0051537
0051536
0004758
0051717
0030409
0052848
0052844
0052845
0052846
0052847
0052840
0052841
0031593
0052843
0051087
0016149
0034987
0051082
0034988
0031755
0070025
0031752
0047704
0042805
0042806
0042801
0042800
0042803
0042802
0030620
0030621
0030622
0030623
0042809
0004889
0030626
0030627
0008940
0046983
0038121
0046817
0008948
0038186
0038181
0046811
0019113
0019911
0004478
0042163
0044540
0016651
0061628
0003958
0034188
0038164
0003950
0003951
0003952
0003953
0034185
0003955
0003956
0003957
0051393
0070260
0044378
0001609
0048408
0001602
0048406
0001601
0048403
0001607
0001972
0001605
0008766
0042169
0008761
0004904
0008768
0033981
0015385
0031370
0035877
0035870
0034057
0034056
0016891
0016890
0019841
0008009
0019843
0019842
0004798
0000179
0097573
0050135
0004329
0043262
0036487
0099038
0034649
0003724
0008494
0008495
0008496
0046625
0043682
0030343
0030342
0070677
0030346
0001158
0001159
0001156
0043047
0070679
0004790
0046030
0004320
0018644
0004151
0018646
0018647
0010309
0018641
0018642
0018643
0018649
0035276
0017128
0016430
0016433
0050265
0016435
0042605
0035663
0000823
0000822
0017124
0017125
0000827
0017127
0097726
0009378
0008349
0036054
0090416
0045499
0003680
0008389
0070008
0008384
0008465
0102390
0102391
0008381
0005078
0050346
0009013
0005070
0005072
0009019
0070700
0030291
0030290
0017056
0030292
0030295
0004878
0030297
0030296
0030298
0004017
0008493
0052692
0005528
0004126
0061752
0061750
0015105
0005381
0004471
0047196
0005385
0005384
0004252
0090560
0005388
0001792
0009374
0034512
0034513
0004484
0034511
0004826
0035064
0098505
0047025
0047020
0047021
0047023
0060698
0070815
1904929
0071164
0008559
0051430
0031730
0008158
0001888
0008157
0031732
0032266
0034041
0004656
0004657
0004654
0004655
0004652
0004653
0005499
0004651
0015175
0005496
0016887
0015171
0061685
0015173
0004659
0005251
0033737
0005253
0005252
0051870
0005254
0004380
0004381
0034604
0004383
0034602
0051879
0004386
0034601
0015197
0015196
0015195
0015194
0015193
0004823
0015191
0015190
0043870
0015198
0050046
0051525
1990439
0090631
0001883
0080132
0080131
0080130
0033188
0003708
0019209
0019208
0052650
0004034
0004035
0019203
0003700
0019201
0008022
0003705
0052658
0003707
0008026
0004810
0035643
0004813
0004814
0004815
0004816
0004817
0004818
0004819
0018071
0030109
0033218
0015222
0015227
0015226
0015229
0015228
0042924
0048365
0042923
0016232
0050436
0016723
0030507
0030506
0070644
0016722
0004397
0015355
0046790
0052723
0052725
0015350
0004728
0015420
0004726
0004727
0004725
0004722
0004723
0004720
0004721
0003899
0098770
0008843
0071253
0052872
0016903
0003896
0050659
0030616
0031748
0016153
0016150
0016151
0030619
0097627
0016154
0016155
0042813
0001532
0044377
0004856
0008097
0032138
0032139
0032137
0038191
0005509
0003964
0003960
0034190
0034191
0050197
0002162
0005093
0002161
0038177
0050252
0018812
0034819
0070491
0070251
0030760
0001085
0051380
0022820
0001948
0001128
1901707
0032866
0032867
0001016
0043325
0001013
0001012
0001011
0034791
0038106
0004760
0042289
0004602
0004910
0047522
0017136
0016881
0034046
0034040
0016885
0019855
0016888
0016889
0033735
0008829
0043035
0052735
0042030
0098772
0052854
0043544
0016812
0020037
0030350
0030351
0001129
0017116
0035241
0035240
0035243
0035242
0000832
0043522
0035248
0010484
0010485
0047238
0102320
0017111
0017110
0047756
0017112
0033883
0033882
0033885
0071723
0010314
0005225
0047751
0016428
0016429
0004382
0005227
0016422
0016423
0047757
0090409
0102005
0004997
0017118
0034452
0034450
0042328
0043142
0043141
0043140
0042497
0035575
0034458
0097199
0005068
0005094
0047305
0009007
0009000
0008532
0008531
0080101
0009008
0008536
0008534
0017061
0004586
0017065
0017064
0004855
0017069
0030284
0030283
0019976
0030975
0030976
0004585
0030971
0004582
0001918
0097371
0005391
0016618
0005395
0016427
1990081
0004853
0008312
0098519
0008445
0008444
0008442
0008441
0008440
0031005
0071532
0008449
0008448
0010465
0047012
0047015
0047017
0047016
1904399
0019828
0004920
0004134
0043843
0016519
0008142
0008143
0008140
0008146
0008147
0008144
0043849
0004623
0004622
0015168
0004620
0005484
0032450
0004629
0005487
0015166
0032454
0015165
0102341
0102340
0102342
0102345
0102344
0005248
0005249
0005246
0005247
0005244
0005245
0005242
0005243
0015184
0045031
0015186
0015187
0015180
0015181
0015182
0045030
0009922
0015189
0035403
0008894
0003714
0008035
0003712
0003713
1990422
0080122
0052642
0008897
1902388
0008294
0019210
0019211
0019212
0019213
0019215
0008891
0008111
0031957
0070890
0004829
0008892
0004459
0004825
0004536
0004535
0052825
0004821
0004532
0035650
0035651
0070064
0030515
0070063
0015238
0070061
0008115
0015234
0015235
0015232
0015230
0097690
0050429
0005144
0047837
0008116
0034590
0016230
0031071
0005355
0005141
0008568
0034597
0018114
0004923
0015347
0015432
0015433
0004753
0004751
0015349
0052732
0015439
0004925
0008859
0051265
0051264
0051267
0008853
0050648
0050649
0005452
0031770
0047783
0004698
0050646
0050647
0033558
0102132
0046870
0046872
0046873
0046875
0032145
0004913
0003972
0003973
0070717
0003976
0003977
0003974
0003975
0031489
0003979
0039706
0030197
0019992
0004398
1904713
0005005
0016521
0016520
0004450
0016524
0003828
0051500
0046316
0047658
0003886
0003887
0003884
0003882
0003883
0003880
0003881
0072509
0019787
0008700
0043338
0008705
0002020
0034875
0001007
0051117
0052726
0047536
0060072
0051119
0051287
0032556
0016884
0016772
0030280
0001716
0048040
0043208
0035401
0000991
0000993
0016854
0016853
0043533
0035538
0043531
0042007
0043539
0043028
0033897
0035250
0047225
0030369
0035257
0047220
0035255
0043021
0035258
0035259
0043024
0001135
0070653
0043027
0050897
0030169
0030165
0047293
0018660
0030160
0001069
0004807
0004921
0016454
0004392
0019789
0070119
0005011
0001227
0005017
0001221
0001222
0001223
0005019
0005018
0001228
0001965
0008528
0070728
0009032
0005146
0047315
0008520
0008521
0008523
0008525
0008526
0008527
0097372
0042799
0004061
0000285
0017077
0000287
0017075
0017070
0000064
0030943
0030942
0042171
0000062
0001848
0023029
0004458
0035005
0035004
0023026
0097363
0023024
0000268
0008454
0008455
0008456
0008457
0018479
0008453
0031014
0005126
0005125
0018474
0005123
0008459
0018471
0031013
0030387
0035605
0047006
0003968
0010855
0004396
0010857
1990460
0018031
0008446
0098626
0018030
0010858
0004062
0043833
0032442
0032440
0043834
1990189
1990188
0098625
0005142
0050080
0032448
0004395
0004630
0004631
0004632
0004633
0004634
0004637
0004638
0004639
0098782
0070905
0008667
0005232
0005231
0005230
0005237
0071535
0018585
0005234
0036132
0036130
0036131
0036134
0016753
0009931
0050254
0050253
0050700
0071820
1990459
0008047
0008046
0047263
1990450
0070856
0008281
0005548
0008775
0052928
0043806
0008289
0015538
0005347
0005345
0005344
0004528
0034711
0004298
0034713
0004832
0004525
0004526
0004527
0004520
0004521
0004522
0004523
0005035
0070012
0015248
0034848
0070016
0034840
0015245
0047150
0048306
0005540
0019531
0005542
0019534
0071837
0032216
0044325
0044323
0038021
0005096
0008191
0008190
0015403
1902444
0008195
0005547
0018127
0101020
0004740
0004741
0004742
0052740
0004744
0004745
0035539
0004747
0031766
0031764
0031765
0030184
0039552
0031768
0031769
0050072
0070123
0033549
0046848
0016160
0008995
0031490
0031491
0031492
0031493
0098821
0052929
0003988
0052927
0003986
0003985
0018676
0003983
0004824
0003980
0019981
0016530
0016531
0016532
0016534
0016538
0008865
0052812
0052811
0052810
0052817
0052816
0052815
0052814
0072518
0047696
0008483
0035827
0001031
0001030
0001032
0002039
0008732
0043924
0005527
0031386
0001733
0005175
0004939
0008066
0004155
0031544
0004876
0034062
0031543
0034061
0016628
0016624
0001727
0043236
0016620
0008489
0043015
0001104
0032934
0001106
0043546
0001103
0001102
0000987
0043548
0000982
0000983
0000980
0000981
0008609
0001847
0030378
0005326
0047256
0043783
0043782
0008601
0008603
0030371
0030377
0030374
0030375
0016997
0004324
0016990
0047499
0047498
0030172
0032451
0038064
0001851
0016443
0032453
0001587
0032452
0042301
0050694
0005000
0005001
0008517
0070735
0005004
0070733
0008513
0005007
0097177
1904264
0005483
0008519
0008518
0070738
0070739
0018727
0018726
0018725
0043492
0043495
0018722
0051718
0000298
0000293
0042781
0017005
0000295
0042162
0004873
0003997
0042166
0042164
0042165
0030957
0030955
0098531
0035014
0008808
0008460
0005138
0005139
0008467
0008466
0005134
0005135
0005136
0005137
0005130
0005131
0005132
0005133
0030395
0000182
0031821
0008269
0018712
0080048
0030429
0004198
0043827
0061656
0004197
0018711
0004190
1990190
0043183
0016296
0004609
0004608
0004359
0003692
0004605
0004356
0004607
0036122
0004601
0004352
0004603
0004350
0005229
0047105
0001075
0005220
0005221
0005222
0005223
0005224
0004057
1904288
0004995
0004994
0031849
0004996
0004991
0004990
0004993
0004992
0004464
0016401
0004999
0004998
0047166
0003774
0019237
0003777
0003779
0036435
0004820
1990444
1990446
0015467
0008296
0008297
0032549
0004572
0016402
0032542
0016409
0004519
0004518
0034722
0005350
0005351
0005353
0004511
0033038
0004513
0004512
0004515
0004514
0004517
0004516
0070001
0070002
0050405
0008613
0015098
0070006
0016403
0015250
0070009
0015252
0015254
0042978
0042975
0042974
0043175
0003696
0004775
0004777
0004776
0004771
1990841
0004773
0004772
0032090
0032093
0004779
0004778
0005008
0004177
0004176
0004175
0004174
0008188
0004170
0008186
0008187
0008184
0035529
0015410
0050662
0050660
0050661
0031716
0031715
0005276
0042602
0070139
0050062
0022890
0022891
0022892
0070737
0004168
0018640
0045509
0044548
0001604
1905394
0045322
0008988
0001729
0035497
0003998
0071566
0003994
0003995
0003996
0071567
0003990
0003993
0016298
0031628
0016295
0031626
0031625
0031624
0016290
0004128
0005168
0016509
0016508
0047676
0016505
0016504
0016501
0016500
0016503
0008392
0004945
0008875
0004828
0035380
0047042
0008728
0008721
0001850
0004014
0004941
0008553
0008725
0015501
0051139
0005048
0004827
0008554
0019888
0004123
0003920
0034012
0031531
0035939
0019887
0015112
0002135
0034431
0015111
0017060
0001730
0043221
0016615
0016614
0043225
0042578
0005047
0032947
0016874
0071633
0016876
0043559
0043008
0052654
0042577
0043791
0043796
0034437
0043795
0042018
0045353
0001596
0001855
0001594
0001595
0047485
0018602
0052657
0030145
0030144
0004161
0019957
0001849
0019955
0016274
0033612
0033709
0051010
0016279
0016278
0047464
0052656
0042379
0008502
0070742
0070740
0008506
0008507
0008504
0001206
0005034
0008508
0001205
0005031
0005030
0071614
0086006
0018733
0016205
0018738
0009055
0017018
0016758
0018121
0017016
0017017
0042954
1990050
0016413
0043852
0000247
0000246
0000248
0045523
0005109
0042731
0035639
0051908
0008478
0002134
0008476
0008474
0008475
0005105
0005104
0008470
0051903
0070694
0070699
0070698
0004084
0047066
0001635
0036455
0004822
0032422
0018721
0061649
0032427
0032428
0043814
0004180
0004181
0043813
0004185
0005215
0004621
0004618
0005216
0004348
0004349
0005212
0035731
0004613
0004610
0004611
0005219
0004341
0004614
0004615
0102338
0047115
0047117
0071987
0001010
0004362
0001735
0102336
0102337
0004982
0004983
0004980
0047316
0004984
0004985
0019777
0019158
0031854
0031856
0090554
1990275
0032399
0008068
0032393
0003747
0003746
0008061
0036393
0032394
0032395
0004506
0004507
0004504
0004505
0004502
0004503
0004500
0008267
0008266
0015087
0015086
0015081
0004056
0043169
0008260
0005362
0005367
0005366
0005369
0034737
0015645
0015643
0016972
0050473
0015065
0070039
0030548
0047800
0047801
0030544
0030547
0030546
0015068
0033961
0035198
0035800
0042017
0004750
0004766
0004767
0004757
0004768
0004769
0004756
0004164
0004165
0004167
0035515
0009917
0004163
0015390
0003691
0003690
0003697
0004169
0015464
0031701
0031702
0031703
0031704
0050699
0031707
0031708
0030267
0050693
0050692
0051059
0050051
0070538
0033560
0050509
0050508
0050501
0030492
0015265
0015267
0015266
0008083
0008081
0008080
0015269
0008852
0052909
0098808
0052901
0052903
0052902
0052904
0052907
0052906
0016289
0032029
0038131
0038132
0030729
0016287
0000994
0048101
0001591
0019763
0052839
1901981
0008887
0052834
0003743
0052836
0042988
0071074
0052833
0052832
0018675
0019767
0003837
0003836
0019894
0003834
0003831
0003830
0004968
0033778
0003839
0019899
0070361
0016277
0070363
0070362
0016603
0019956
0016608
0036403
0004964
0001025
0047787
0061599
0015633
0008963
0008665
0043565
0005010
0043566
0043560
0016860
0030156
0018634
0018637
0018636
0018631
0018630
0018633
0018632
0047275
0047277
0047276
0018639
0018638
0047273
0030159
0001875
0001872
0019959
0016262
0016263
0019958
0019948
1990254
0097001
0097159
0097158
0097153
0005021
0005026
0097157
0005025
0017025
0017024
0017020
0018707
0017022
0009041
0010736
1904047
0050998
0033919
0034915
0042562
0060422
0046974
0086087
0017150
0046977
0086083
0000095
0046976
0086089
0008309
0046979
0005114
0005461
0005112
0005113
0046978
0000257
0000254
0000252
0000253
0035034
0005119
0047057
0008408
0008503
0008403
0008401
0004567
0047058
0008405
0008404
0010428
0008241
0033823
0047291
0004569
0004509
0033829
0047298
0071889
0043867
0043178
0044595
0044594
0044596
0071886
0071885
0071884
0035727
0052598
0052599
0030379
0043177
0052593
0052591
0052596
0052597
0052594
0061676
0004379
0004378
0005200
0005201
0051800
0008311
0008310
0004371
0046538
0004373
0004372
0015183
0005309
0004377
0008318
0005267
0047127
0003978
0070976
0031724
0005262
0004979
0004978
0004977
0004974
0004972
0004971
0004970
0004083
0004082
0004081
0004080
0004087
0004085
0005302
0008073
0004089
0004088
0003756
1990269
0052689
0035612
0035613
0004571
0015099
0004577
0004576
0035614
0035615
0032561
0015093
0008276
0015091
0008270
0008271
0015094
0015095
0003878
0015659
0036094
0005375
0005372
0015651
0031997
0031996
0055100
0015075
0055102
0015077
0055105
0055106
0047874
0030552
0030553
0030550
0030551
0015078
0015079
0030554
0015039
0046980
0046982
0004888
0080019
0080014
0004882
0004345
0004887
0004886
0080012
0047865
0015386
0017151
0003870
0015382
0004799
0008898
0004797
0035438
0004794
0004792
0004791
0015389
0003688
0003689
0031867
0004152
0050262
0052895
0004157
0004408
0004407
0003681
0003682
0052894
0003684
0004402
0035500
0035501
0051022
0051020
0031735
0031737
0031731
0050681
0050682
0038036
0045340
0050518
0044212
0044213
0050510
0033592
0050512
0045183
0045182
0032184
0032183
0032182
0008094
0047977
0015271
0015276
0015277
0008092
0008093
0015278
0015279
0047714
0008709
0016641
0038100
0098601
0016165
0044104
0044105
0044102
0044103
0070975
0030735
0052866
1904599
0004111
0047613
0030883
0047617
0052828
0052829
0045295
0045294
0045296
0052822
0072542
0072541
0052821
0008890
0035620
0072545
0072544
0048487
0000831
0001681
0035473
0002060
0004027
0003824
0003826
0003827
0033765
0003823
0004883
0034039
0034038
0047726
0016671
0016679
0015088
0030023
0030020
0052917
0071617
0003735
1990259
0052869
0052918
0008670
0016818
0000155
0072354
0004029
0016811
0016810
0016817
0016814
0043774
0071796
0043776
0043777
0043770
0071791
0043773
0008481
0001861
0060229
0060228
0016499
0016497
0016496
0016495
0016494
0016493
0016492
0016491
0033613
0016250
0001042
0004800
0001046
0001047
0016706
0016705
0016702
0016701
0004419
0004043
0016922
0050462
0016920
1902387
0016929
0047237
0016412
0004147
0004144
0009673
0017034
0030235
0030234
0030233
0018713
0004411
0000403
0018451
0000400
0052666
0000405
0000404
0008079
0018453
0033906
0008488
0086090
0005102
0008396
0032767
0001026
0005163
0005161
0005160
0051922
0005166
0051920
0005164
0071568
0005169
0045502
0045505
0045504
0000225
0000224
0008418
0008419
0008395
1903135
1903136
0047045
0008410
0008413
0008417
0010385
0047280
0032041
0008811
0047288
0004421
0061665
0016015
0071890
0031726
0034931
0004366
0004367
0004364
0004365
0035757
1904454
0004360
0004361
0032403
1904455
0019153
0032407
0004368
0032405
0035197
0008307
0008301
0046526
0046527
0046525
0008308
0046523
0050038
0070780
0047134
0004423
0047130
0047131
0036402
0004969
0004531
0061598
0004965
0004966
0004967
0004960
0004961
0004962
0004963
0004090
0004092
0032575
0043997
0004095
0004096
0047915
0004098
0050031
0004560
0004561
0004563
0004565
0004566
0016229
0004568
0008240
0008242
1990381
1990380
0102008
0102009
0102007
0015662
0005307
0016019
0030368
0050459
0016639
0055131
0050321
0004890
0080023
0080025
0002058
0004896
0004897
0016223
0004788
0015440
0004784
0015149
0047173
0018169
0004781
0004782
0018478
0050211
0031871
0004418
0005412
0004148
0004149
0004146
0004415
0004416
0004145
0004142
0004143
0004140
0052667
0016857
0031729
0022848
0031723
0031721
0022843
0031727
0022841
0022840
0048270
0050528
0045352
0048273
0043532
0050733
0002950
0042008
0030412
0032190
0034802
0022839
0003785
0035402
0032358
0015288
0051539
0043812
0015280
0008934
0038117
0034807
0003921
0016913
0019706
0050146
0050145
0004619
0019702
0032357
0034647
0035252
0030586
0072320
0047224
0008893
0038024
0038025
0030366
0038023
0035730
0035256
0003851
0004346
0047223
0048495
0004347
0035254
0004616
0001671
0004617
0003810
0004510
0004342
0033754
0004343
0043022
0047734
0043023
0047730
0023030
0102339
0016668
0070300
0048018
0048019
0046789
0030362
0052630
0008649
0008832
0030618
0008641
0016805
0016807
0052842
0050840
0043741
0043745
0001786
0043295
0001784
0034520
0070412
0070411
0070410
0047451
0047453
0050144
0001078
0016248
0019966
0016715
0001077
0001076
0001071
0001070
0016712
0043125
0016936
0044822
0043121
0000309
0016933
0034986
0019239
0001094
0034237
0034236
0060090
0070773
0098640
0098641
0070774
0008905
0033791
0035373
0008798
0035375
0035374
0035379
0008792
0070576
0070577
0070573
0042500
0004574
0004363
0031852
0030628
0048156
0097689
0052655
0000406
0086063
0086062
0086061
0086060
0008425
0047493
0005172
0005173
0005174
0008420
0005176
0008422
0005178
0005179
0051959
0008429
0008428
0031267
0008745
0033149
0000213
0030624
0004313
0004312
0004311
0004310
0004317
0004316
0004315
0004314
0019144
0019145
0004319
0097260
0042658
0008331
0008330
0008332
0008336
0032396
0046556
0046554
0018475
0030911
0033142
0086040
0008109
0052885
0047144
0004958
0036470
0004951
0004950
0036479
0036478
0004955
0004957
0004956
0043910
0008254
0032500
0008252
0008253
0043916
0008251
1990247
1990244
0032841
0004559
0004558
0019186
0004555
0004557
0004556
0004551
0004222
0004553
0005319
0035033
0070883
0035851
0032555
0005310
0005313
0005314
0005315
0005316
0032557
0015056
0015057
0015054
0047856
1902098
0050444
0050333
0005152
0036055
0004508
0036505
0015129
0044390
0015450
0050479
0052794
0052795
0052796
0015459
0008437
0050201
0004139
0004138
0004133
0004132
0004131
0004422
0004137
0004427
0004918
0047312
0034738
0035410
0022857
0022850
0022851
0022852
0016616
0004915
0035299
0048248
0004914
0048244
0050023
0050061
0046899
0061547
0034189
0018423
1990930
1990931
1990932
0070463
0004911
0009036
0004662
0004047
0004046
0004045
0004044
0001133
0004042
0004040
0003796
0015295
0015297
0034831
0015291
0019152
0015293
0015067
0046941
0047804
0004394
0019770
0047631
0019776
0050152
0030549
0019779
0016018
0047638
0033682
0003954
0030594
0032036
0038051
0034485
0016868
0052739
0070034
0034186
0070037
0032038
0030107
0001664
0055056
0000988
0017076
0008375
0033749
0061133
0033743
0015301
0033746
0018473
0048027
0055103
0048020
0015085
0016655
0047708
0016667
0048029
0016653
0047969
0051033
0019166
0043754
0008650
0008656
0050833
0047444
0047442
0030108
0050839
0070404
0031711
0008119
0070402
0070403
0031403
0031402
0031406
0001882
0031404
0043851
0016901
0019912
0016231
0032089
0000339
0043130
0001537
0001530
0016907
0043138
0043139
0000334
0004912
0048407
0001087
0032564
0035368
0033925
0008781
0018773
0030215
0008785
0019826
0019825
0016836
0016831
0016830
0004339
0019829
0004420
0103073
0035175
0008373
0086075
0045569
0086077
0008432
0070892
0008430
0008431
0005149
0005148
0008434
0000107
0031072
0034593
0005147
0008941
0034596
0004337
0005143
0043621
0102483
0004336
0052731
0018271
0018723
0034353
0060175
0047598
0033819
0033814
0004679
0017129
0061604
0061605
0010181
0061609
0035516
0004300
0004301
0005127
0004303
0004304
0004305
0004306
0004307
0004308
0019172
0015018
0071936
0042393
0042392
0005129
0008329
0008327
0008324
0035174
0035173
0089720
0008320
0071949
0005549
0047159
0016878
0005092
0005543
0005090
0005545
0005544
0005095
0005546
0036461
0038182
0008969
0036468
0008458
0018472
1990239
0033989
0046404
0008509
0047963
0046403
0005325
0005324
0004549
0008424
0045703
0004540
0050698
0005329
0005328
0001785
0047962
0051425
0051424
0009881
0009882
0016892
0047840
0015020
0015026
0047844
0044388
0044389
0008378
0036042
0036041
0004435
0004430
0008138
0008137
0044547
0008135
0008134
0046715
0004438
0004439
0004946
0004947
0005432
0047369
0004940
0005436
0031894
0015116
0004122
0015114
0004124
0060230
0004948
0004127
0050543
0051018
0051019
0015333
0047933
0050544
0030695
0030697
0051011
0022865
0070140
0051015
0048258
0050786
0048256
0048257
0034560
0045174
0050313
0004055
0052635
0052634
0004051
0004052
0004053
0034822
0034894
0004058
0004059
0008117
1902936
0047620
0047621
0016004
0016005
0016247
0016716
0072572
0016717
0052724
0019962
0070097
0070095
0016711
0046970
0032027
0046975
0019960
0038046
0038047
0038048
0038049
0051786
0051787
0034919
0016934
0034933
0070325
0070324
0052899
0070326
0070320
0030110
0003873
0003872
0034595
0052890
0003876
0003875
0003874
0030676
0048030
0030674
0048037
0047718
0052595
0044020
0048038
0048039
1904492
1904493
0047710
0098847
0008499
0046912
0045517
0070891
0003906
0003905
0004370
0004796
0004357
0047325
0003909
0003908
0031418
0031419
0005334
0035718
0035717
0003829
0002055
0019900
0019901
0019902
0019903
0019904
0019905
0016714
0030345
0016918
0070569
0097110
0008817
0047389
0070553
0070551
0034211
0031210
0034212
0030348
0003844
0035312
0047545
0003845
0004375
0019834
0016820
0001099
0033798
0016829
0019838
0030380
0000210
0000215
0098599
0005158
0005159
0102279
0051978
0070888
0005153
0005150
0005151
0005157
0005154
0070579
0035226
0015932
0008689
0008688
0052826
0030275
0017176
0017174
0017172
0017171
0033862
0033867
0017178
0044713
0015038
0044717
0044716
0044715
0044714
0002114
1990136
0061631
0061630
0046577
0043515
0046570
0004335
0004334
0000104
0008794
0004331
0004333
0004332
0071933
0000829
0004530
0004597
0005550
0000828
0008353
0016286
0005088
0005089
1902379
0005080
0005085
0005086
0005087
0036139
0036459
0036458
0036327
0036326
0010997
0033130
1990738
0015035
0008233
0008234
0008235
0008236
0008237
0008238
0008239
1990226
0050591
0005332
0005333
0005330
0005337
0015616
0005335
0047390
0000825
0005338
0090595
0000824
0034541
0051996
0051994
0034545
0051990
0035091
0036219
0051998
0004591
0004590
0004595
0004594
0004849
0004596
0004598
0000170
0004844
0004843
0004842
0015036
0015037
0036033
0070224
0046703
1990825
0016896
1990829
0036524
0045513
0004115
0004114
0004117
0008048
0004447
0004113
0004112
0008124
0046539
0008127
0004119
0004118
0008123
0004687
0004930
0015108
0004683
0005427
0050220
0004938
0015100
0015101
0015327
0015320
0015321
0047945
0055077
0051575
0004441
0052835
0036143
0045518
0036140
0001616
0016844
0047394
0005170
0004445
0005171
1902282
0045142
0045145
0008427
0052830
0052624
0004060
0004063
0008426
0004065
0004064
0004067
0004066
0004069
0004068
0008880
0052629
0071558
0051373
0051371
0004448
0051377
0008120
0051379
0051378
0008903
0008900
0008121
0061513
0050178
0034584
0016034
0008386
0034714
0008387
0033265
0047894
0070080
0008889
0004931
0050480
0070087
0004839
0043713
0046966
0004937
0046964
0046965
0046961
0004935
0004496
0008118
0003868
0071208
0070330
0070336
0070335
0003860
0004660
0003863
0052884
0003865
0071207
0003867
0005020
0004831
0002196
0015299
0004689
0005415
0047760
0003835
0016841
1901640
1901641
0030984
0004835
0043731
0008545
0043734
0003938
0036332
0034851
0017188
0003917
0003910
0030983
0003912
0050815
0047429
0050816
0003918
0003919
0047946
0016743
0016742
0016740
0016747
0016746
0016213
0016212
0016749
0035755
0033677
0004353
0017057
0001642
0051120
0001640
0001641
0017050
0030294
0097108
0097109
0034594
0001517
0097100
0030273
0030272
0030276
0043398
0030274
1904012
0043425
0043394
0043395
0043422
0047395
0047555
0016361
0016362
0019807
0019809
0033787
0019840
0033780
0033781
0000773
0000774
0060590
0045545
0103053
0042947
0004033
0047086
0004340
0015929
0015926
0030306
0030305
0015923
0033878
0017166
0010698
0017160
0017161
0017162
0097160
0033871
0033872
0017168
0008469
0035758
0061629
0001626
0019115
0019119
0097259
0061627
0030899
0030898
0072345
0042609
0042608
0072341
0097161
0004322
0090450
0000171
0004321
0004326
0000175
0004325
0005523
0005522
0005521
0005520
0010521
0005525
0005524
0086008
0047179
0000049
0086056
0004498
0047372
0034736
0086059
0061714
0061712
0061711
0016709
0016785
0004809
0004499
0031177
1990583
0098639
0086080
0008201
0008200
0000009
0097493
0042287
0004748
0042285
0042284
0042282
0042281
0004749
0097655
0008193
0034792
0042288
0016866
0005183
0008192
0070853
0005184
0070851
0071855
0008194
0052745
0004859
0004588
0004854
0004587
0004584
0004857
0004850
0004583
0004852
0004581
0008199
0071813
0008198
0098632
0052741
0015489
0003678
0004452
0045032
0004454
0043890
0004104
0004105
1990699
1990698
0008113
0008112
0015485
0003677
0003676
0015139
0004693
0005459
0004691
0004697
0004694
0015130
0005451
0004699
0005457
0005456
0015137
0015136
0015319
0050567
0008139
0050561
0050560
0071424
0031995
0033300
0045155
0045153
0017099
0032813
0045159
0034235
0070506
0004102
0061578
0019705
0061575
0031994
0050355
0030158
0004078
0004079
0004077
0004074
0004075
0004070
0016462
0004103
0008973
0008970
0015132
0033570
0050104
0047888
0072590
0072591
0051861
0022803
0030060
0038062
0034979
0046911
0032003
0046915
0046914
0009400
0003854
0003857
0008803
0008802
0003858
0051183
0038085
0050614
0050613
0051219
0050610
0051747
0051213
0070181
0070180
0070182
0008131
0031780
0031781
0031782
0031783
0019869
0030151
0004903
0047936
0004952
0080146
0016684
1904928
0043250
0031432
0031433
0003923
0003922
0003924
0031434
0031435
0001190
0016750
0016751
0016300
0016206
0016757
0001226
0016208
0016209
0001632
0001631
0016596
0016597
0016594
0016595
0043914
0019864
0047988
0016979
0099604
0008599
0016971
0008597
0001567
0070530
0017082
0017081
0017080
0017084
0008757
0070539
0017089
0008753
0008750
0000907
0000900
0047560
0101005
0002059
0019200
0001187
0019810
0019811
0097003
0032794
0032795
0032791
0015660
0045550
0046969
0042277
0004108
0001165
0001164
0001162
0001161
0019207
0015179
0008265
0070628
0033842
0070626
0043430
0004109
0000340
0005497
0017153
0017154
0015174
0017159
0030884
0019103
0019104
0030881
0030882
0019107
0044736
0004550
0070996
0008374
0008376
0004658
0070990
0070991
0042610
0015172
0008379
0046592
0000166
0008263
0008574
0005534
0003989
0005536
0005537
0034417
0005539
0047184
0045485
0008579
0047341
0003987
0016773
0005024
0052926
0036374
0052925
0090624
0004351
0030731
0061768
0004686
0000014
0004462
0000016
0000010
0004949
1990595
0034930
0052381
0071209
0042296
0015639
0052831
0042292
0102077
0015631
0015636
0097626
0004385
0070840
0005198
0005199
0071862
0034526
0034525
0004869
0047374
0004861
0004860
0004862
0004865
0004864
0004867
0004866
0008106
0008107
0043337
0015495
0015491
1990715
0008108
0015499
0015126
0015127
0015125
0004468
0045028
0045029
0004465
0045027
0004467
0004466
0004461
0004463
0009982
0016414
0004919
0034632
0004668
0004667
0004666
0004917
0004663
1902121
1902122
0033691
0004487
0004486
0004485
0015055
0004483
0004482
0015307
0050571
0047961
0050577
0004489
0004488
0045127
0045125
0050277
1990430
0061503
0061501
0061507
0018024
0018025
0004008
0015016
0004003
0050379
0004001
0004000
0052600
0004004
0030791
0030792
0047939
0051428
0051427
0008962
0001034
0097258
0008967
0050119
0034899
0044729
0097322
0050113
0050115
0004877
0015106
0034648
0050421
0045236
0015272
0042910
0004716
0004715
0004714
0004713
0004712
0004711
0034945
0046904
0004719
0003842
0004032
0003840
0003841
0003846
0003847
0008812
0008028
0004030
0050683
0047747
0004031
0016167
0043199
0047743
0051733
0047860
0051731
0051736
0004037
0047982
1990272
0070191
0032217
0005115
0008020
0042826
0043719
0001758
0018685
0002151
0052659
0005111
0019206
0047408
0047409
0019205
0015052
0003939
0003937
0003934
0033676
0035925
0031681
0031683
0031682
0031685
0016768
0016765
0031877
0004812
0016763
0001621
0035642
0000250
0019797
0019799
0019798
0002083
0035035
0044183
0016787
0005250
0016784
0016783
0016780
0018452
0008409
0098633
0016788
0017091
0035326
0017095
0017096
0035325
0032810
0008746
0008747
0030251
0030250
0000977
0000976
0000975
0000979
0000978
0003916
2001070
0016309
0016308
0004135
0016303
0019862
0016301
0001191
0016307
0005055
0019865
0015275
0035251
0097016
0015220
0005053
0047191
0005503
0042043
0018455
0004661
0033857
0070611
0050811
0033858
0070612
0043136
0016416
0016415
0060002
0016941
0044877
0016411
0016410
0017147
0033699
0016419
0016418
0042625
0042624
0042626
0000150
0042623
0019135
0047290
0005298
0005290
0005292
0008565
0047198
0005057
0005504
0005507
0005506
0005501
0005052
0047192
0005502
0060001
0070026
0097383
0086037
0086038
0086039
