0071889
0004653
0031489
0008237
0019992
0003873
0003872
0019003
0052890
0003876
0051378
0030676
0005200
0005201
0048037
0048038
0004715
0003887
0005267
0050431
0004735
0008083
0005092
0051861
0002020
0070403
0004970
0051117
0003906
0008171
0004693
0008073
0004089
0003756
0052689
0051287
0031419
0004571
0016627
0035591
0008270
0008271
0015095
0004908
0005272
0004674
0019901
0019902
0019903
0019904
0019905
0004672
0031996
0001105
0000993
0004497
0016853
0016918
0043531
0030552
0030553
0015078
0097110
0043539
0019001
0046982
0004888
0015467
0035257
0043047
0033038
0043021
0043022
0043024
0070679
0043027
0004806
0015385
0050750
0003729
0017150
0003727
0030165
0000989
0003723
0004791
0003688
0004872
0004871
0004407
0003682
0016829
0003684
0004402
0004016
0004879
0051020
0019789
0050681
0038036
0005158
0001227
0050321
0001614
0044212
0001228
0005154
0008312
0008528
0046934
0015297
0046933
0015116
0008094
0017176
0015106
0004707
0015276
0004702
0008093
0000287
0004721
0004708
0004709
0017070
0070577
0000062
0061631
0061630
0004890
0016175
0016176
0051721
0003840
0023026
0004332
0017128
0043395
0005126
0005125
0005123
0005088
0005089
0045295
0004896
0045296
0005080
0042834
0005085
0005086
0008253
0004143
0036459
0015386
0004843
0043274
0015035
0003824
0008233
0008234
0008235
0008236
0003823
0008239
0008474
0004385
0016671
0016779
0070273
0030742
0016773
0001618
0001968
0035091
0005230
0005234
0004591
0016791
0003730
0016811
0016810
0016798
0004842
0016814
0008047
1904929
0030246
0030247
0004115
0004114
0004447
0016849
0004298
0016494
0008289
0016491
0033613
0004931
0005344
0004528
0044548
0004683
0001047
0004832
0016706
0004526
0004527
0004520
0004521
0004523
0042056
0042054
0015321
0008484
0001540
0016929
0019838
0030332
0048306
0030331
0019531
0030674
0015075
0017034
0044325
0042826
0008191
0008190
0004062
0008195
0005095
0008199
0008198
0004745
0017137
0052629
0017134
0000146
0003785
0016493
0000149
0005161
0005160
0000293
0022891
0008395
0045502
0008392
0004830
0005518
0005044
0046332
0005516
0005041
0005042
0008417
0017046
0004930
0046966
0046961
0003755
0017049
0017048
0031490
0031491
0031492
0001046
0016614
0070330
0097602
0032403
0016705
0000030
0035197
0008307
0008301
0005001
0016538
0008308
0035198
0016702
0008574
0070412
0008009
0008483
0004476
0002039
0003917
0008168
0070411
0031386
0008273
0016922
0008066
0004518
0016747
0016746
0004568
0004697
1990381
1990380
0016628
0005261
0005262
0004392
0043236
0016620
0004396
0043015
0001104
0001106
0001103
0001102
0000987
0043548
0000982
0000983
0000980
0000981
0019900
0030276
0036094
0008601
0043425
0043394
0030371
0080025
0030374
0033558
0004024
0015440
0004784
0003735
0008017
0030170
0004028
0008013
0016765
0004800
0005544
0004415
0043014
0004540
0004703
0032452
0000774
0042301
0004634
0015379
0022841
0032454
0005000
0008514
0008517
0005003
0005007
0043169
0008519
0004181
0030414
0017166
0017160
0051539
0051537
0051536
0015280
0042162
0016799
0042166
0030955
0031593
0030898
0019706
0051087
0005216
0035014
0034987
0051082
0004322
0000175
0005523
0005521
0005525
0042802
0005528
0042809
0004889
0005132
0044183
0046983
0047372
0009982
0019205
0016298
0030234
0047617
0016651
0001671
0004499
0003810
0004198
0003950
0003951
0004197
0004615
0008201
0004190
0003956
0004559
0051393
0005388
0004359
0004749
0016668
0004887
0070300
0004601
0004602
0048018
0005229
0005184
0048407
0004065
0030362
0001972
0004064
0005094
0042169
0004859
0004993
0004857
0008641
0016805
0003774
0050840
0003777
0003779
0001786
0043295
0003678
0004743
0019841
0030169
0019843
0070410
0004459
0015485
0003677
0003676
0004519
0005355
0004691
0005351
0016149
0035326
0001077
0001076
0003725
0016712
0044822
0070006
0015250
0008499
0008139
0015254
0034237
0034236
0001158
0042974
0031210
0098641
1990841
0047555
0004177
0004176
0004175
0042605
0008188
0004075
0017124
0000827
0017127
0050662
0050660
0050661
0042500
0004865
0008970
0045499
0071558
0005178
0005179
0008381
0004029
0042803
0031267
0005070
0005524
0030983
0008137
0017056
0030295
0030296
0046912
0004017
0008135
0046914
0003854
0003857
0000978
0003995
0005164
0003993
0000049
0015204
0051219
0005385
0004252
0031625
0031624
0030515
0016290
0051213
0008331
0070182
0008131
0016504
0035064
0016409
0035497
0004950
0031432
0003924
0031435
0008157
0032266
0001190
0004656
0004652
0045028
0016757
0015175
0005496
0016209
0015171
0004550
0019887
0005251
0005319
0005159
0016597
0016594
0031402
0001733
0005313
0005315
0004386
0043225
0042578
0015194
0032947
0016874
0051018
0042577
0070530
0070888
0017080
0008757
0017089
0031404
0070016
0008028
0015450
0019208
0052650
0000900
0047485
0003700
0015459
0003705
0019206
0003707
0008026
0019955
0004819
0016279
0046935
0031369
0022857
0042277
0070742
0048365
0042923
0015179
0001205
0005031
0030507
0030506
0032041
0070628
0009055
0004046
0017154
0003796
0004725
0004722
0015293
0003899
0019104
0030881
0004222
0008375
0008374
0008376
0004553
0008373
0008527
0008378
0000166
0005109
0042813
0015464
0005536
0005537
0005539
0030594
0005102
0005249
0030544
0015299
0005254
0003964
0008092
0001664
0016758
0016595
0002161
0033743
0004180
0020037
0015278
0070491
0004185
0005215
0017075
0005227
0048020
0005212
0004347
0015631
0005219
0004364
0051879
0102338
0001948
0005198
0016616
0102336
0102337
0004869
0004983
0004984
0004861
0004860
0043325
0004862
0008656
0004864
0004867
0004866
0008599
0050839
0042288
0008061
0003743
0032395
0070402
0016887
0004465
0008266
0004467
0015129
0019911
0015643
0000339
0043130
0001530
0070034
0047961
0004488
0001085
0035240
0043522
0000832
0017112
0034185
0030215
0010314
0018024
0019825
0016831
0004003
0003690
0003697
0004004
0050699
0004812
0031418
0051059
0008430
0034450
0005149
0043141
0004383
0031072
0043621
0003746
0015301
0008536
0004716
0015267
0004714
0004713
0004712
0008081
0008080
0017069
0035515
0030284
0015269
0004719
0030976
0003841
0030971
0010181
0004033
0005391
0004303
0004308
0016286
0042393
0004000
0008440
0008327
0008324
0071949
0005549
0005548
0008889
0008020
0004012
0005540
0005543
0005542
0005545
0005096
0005547
0005546
0032549
0008022
0030145
0019894
0003724
0008143
0008146
0035925
0008144
0019899
0004623
0004622
0031683
0004620
0005484
0004629
0005487
0005328
0005248
0004675
0005246
0005247
0005244
0005245
0005242
0005243
0016787
0016868
0016780
0043565
0009922
0015020
0015026
0016788
0017091
0003714
0017017
0003712
0003713
0030159
0016462
0004435
0000977
0000976
0000975
0008138
0008173
0019211
0000979
0008134
0004438
0004129
0031957
0004427
0016303
0004536
0016301
0001191
0048487
0070064
0051019
0070063
0015238
0030695
0051010
0051015
0042043
0005021
0017025
0017022
0042562
0015347
0017147
0015349
0001078
0042626
0042623
0016740
0005112
0005452
0035035
0008565
0008409
0008408
0005509
0016709
0005057
0005504
0005507
0005506
0004514
0001164
0046977
0015279
0046872
0046873
0046875
